-0.18 -0.26
-0.34 -0.03
-0.67 -0.07
0.31 -0.28
0.06 -0.21
0.31 -0.13
-0.03 -0.05
-0.06 -0.10
-0.34 -0.11
-0.03 -0.35
0.12 0.08
-0.23 -0.11
0.29 0.05
-0.18 -0.19
0.24 0.04
-0.72 0.23
-0.09 -0.05
0.34 -0.19
-0.06 -0.18
-0.14 -0.28
0.27 -0.10
-0.05 -0.06
0.12 -0.31
0.04 -0.34
0.17 -0.28
0.06 -0.28
0.08 -0.07
0.08 -0.25
0.07 -0.24
0.09 0.05
-0.02 -0.34
-0.16 -0.07
0.10 -0.10
-0.15 -0.17
0.01 -0.40
-0.33 -0.22
0.16 0.27
-0.01 0.62
-0.07 -0.27
0.19 0.30
-0.12 -0.08
0.23 -0.29
0.06 -0.03
-0.12 -0.02
0.26 -0.08
0.22 -0.16
-0.06 -0.13
-0.17 -0.05
-0.39 -0.23
-0.22 -0.24
-0.04 -0.12
-0.45 -0.07
-0.01 -0.22
-0.20 -0.30
0.29 -0.22
0.16 0.19
0.22 0.31
-0.33 -0.15
0.58 -0.14
0.22 -0.13
-0.02 -0.09
-0.00 -0.05
0.16 -0.11
-0.24 -0.09
-0.31 -0.26
-0.05 -0.01
-0.17 -0.21
-0.22 -0.12
0.24 0.61
-0.10 -0.30
0.19 -0.19
0.09 -0.28
-0.72 -0.04
-0.26 -0.03
-0.43 -0.20
0.12 0.18
0.17 0.26
0.31 0.02
-0.13 -0.07
0.08 -0.22
0.27 -0.27
0.22 -0.24
-0.17 -0.02
0.09 0.41
-0.06 -0.15
-0.29 -0.22
0.31 -0.35
-0.40 -0.21
0.20 0.38
-0.12 -0.13
0.14 -0.27
0.14 -0.21
0.05 -0.23
0.15 -0.17
0.13 0.27
0.19 0.28
0.20 0.11
-0.65 -0.07
0.19 -0.29
0.08 -0.02
-0.22 -0.03
-0.19 -0.24
0.33 -0.13
0.05 0.56
0.02 -0.41
0.14 0.62
0.25 -0.40
-0.13 -0.39
-0.16 -0.27
-0.29 -0.10
-0.09 -0.18
0.18 0.21
0.12 0.25
-0.09 -0.10
-0.61 0.27
0.24 -0.17
0.16 0.43
-0.31 -0.11
0.21 0.26
-0.01 -0.12
-0.15 -0.37
-0.71 0.32
0.26 0.08
0.22 -0.37
0.14 -0.31
-0.08 -0.17
-0.10 -0.23
-0.01 -0.25
0.15 -0.04
0.18 -0.15
-0.25 -0.05
-0.13 -0.10
0.21 0.10
-0.21 -0.19
-0.23 -0.25
-0.08 -0.14
0.03 0.63
0.07 0.26
0.09 0.22
0.31 -0.16
0.32 -0.15
0.24 -0.02
0.20 -0.33
-0.20 -0.28
0.23 -0.05
-0.37 -0.19
-0.28 -0.30
0.30 -0.15
0.29 -0.29
0.23 0.03
0.23 0.05
0.28 0.29
-0.17 -0.15
-0.00 0.00
-0.24 -0.16
0.19 0.13
0.04 -0.12
-0.11 -0.01
0.22 0.33
-0.15 -0.20
0.11 -0.24
-0.41 -0.16
0.09 -0.31
0.24 0.45
0.00 -0.11
-0.13 0.01
0.20 -0.07
0.17 -0.20
0.18 0.43
-0.29 -0.17
0.06 -0.26
-0.34 -0.24
0.20 -0.28
0.10 -0.39
0.13 0.07
0.13 0.24
0.09 0.09
0.13 0.19
0.11 -0.07
-0.69 0.68
0.21 0.35
0.24 0.07
0.30 -0.30
0.30 -0.07
0.01 -0.06
0.07 -0.37
0.23 -0.10
0.34 0.23
-0.13 -0.30
0.27 -0.12
0.19 -0.24
0.17 -0.30
0.25 -0.35
0.16 0.22
-0.40 -0.18
-0.23 -0.23
-0.20 -0.12
0.34 -0.28
0.10 0.01
-0.11 -0.29
0.34 -0.16
-0.32 -0.25
0.24 0.39
0.19 0.22
-0.11 0.01
-0.06 -0.32
0.15 0.35
0.01 -0.04
0.04 -0.15
-0.08 -0.32
-0.24 -0.04
0.16 -0.35
-0.26 0.75
-0.06 0.00
0.01 0.63
0.21 0.07
-0.16 -0.38
0.16 -0.21
-0.19 -0.22
0.54 -0.19
0.29 0.01
-0.22 0.71
-0.17 0.67
-0.37 0.79
0.10 0.12
0.11 0.27
0.05 -0.35
0.02 -0.22
0.24 -0.21
0.15 0.38
0.20 0.41
0.08 -0.11
0.21 0.46
0.09 0.25
0.25 -0.13
0.32 -0.33
-0.20 -0.20
-0.37 -0.24
0.22 0.36
0.26 0.05
-0.02 0.02
-0.39 -0.04
-0.33 -0.08
0.12 -0.20
-0.14 -0.18
-0.15 -0.02
0.33 -0.27
-0.12 -0.20
0.17 0.02
-0.05 0.66
0.20 0.29
0.36 -0.13
-0.31 -0.18
-0.09 0.65
-0.28 0.73
0.23 -0.26
-0.07 -0.39
-0.26 -0.00
-0.76 0.09
0.21 -0.09
-0.78 0.47
-0.10 -0.17
-0.10 -0.02
-0.37 -0.16
0.18 -0.12
-0.05 -0.20
0.19 0.33
0.14 -0.02
-0.35 -0.15
0.01 -0.01
0.24 0.24
0.05 -0.11
0.30 -0.33
0.13 -0.29
0.27 -0.15
0.08 -0.14
0.00 -0.13
0.18 0.24
0.20 0.44
-0.21 -0.07
-0.26 -0.15
0.25 -0.16
0.10 0.43
0.27 -0.02
0.34 -0.25
-0.16 -0.22
0.25 -0.04
-0.03 -0.02
0.28 -0.01
0.07 0.04
-0.09 -0.12
0.25 0.44
0.06 -0.00
0.27 0.24
0.25 -0.10
-0.14 -0.04
0.08 -0.32
0.23 -0.00
-0.42 0.78
0.27 0.34
-0.07 -0.12
-0.10 -0.37
0.34 -0.12
-0.15 -0.16
-0.13 0.68
-0.17 -0.23
0.11 0.44
0.25 0.25
0.10 0.35
0.63 -0.13
0.32 -0.05
-0.16 -0.32
0.25 -0.06
0.12 -0.02
-0.41 -0.08
-0.18 0.01
0.18 -0.36
0.23 -0.07
0.20 0.14
0.22 -0.28
0.16 -0.18
-0.37 -0.06
-0.35 -0.12
-0.05 0.02
0.15 -0.14
0.17 0.15
-0.20 -0.33
-0.73 0.27
0.26 0.38
-0.02 -0.14
-0.14 -0.01
0.30 -0.10
0.21 0.61
-0.40 -0.13
0.05 0.62
0.33 -0.10
0.15 0.08
-0.25 0.71
0.09 0.03
0.15 0.23
-0.07 0.64
0.20 -0.23
0.35 -0.15
-0.44 -0.16
-0.06 -0.05
0.19 0.10
-0.02 0.60
0.14 -0.12
0.30 0.04
0.20 0.00
-0.26 -0.20
0.14 0.33
0.03 -0.17
0.14 -0.05
-0.73 0.61
-0.28 -0.02
0.62 -0.17
-0.10 0.60
-0.23 -0.15
0.17 -0.13
0.11 0.56
-0.12 0.02
0.18 -0.01
-0.20 -0.26
0.05 0.04
-0.11 -0.31
0.12 0.41
-0.38 -0.09
-0.31 -0.29
0.15 -0.07
0.20 -0.31
-0.21 -0.10
-0.29 -0.20
0.10 0.19
-0.17 -0.09
0.14 0.44
-0.12 -0.17
-0.08 -0.26
-0.29 -0.03
-0.16 0.00
-0.02 -0.31
0.13 0.16
0.01 -0.34
-0.24 -0.06
0.26 -0.23
0.11 -0.41
-0.11 -0.19
-0.20 -0.02
0.26 -0.29
0.03 -0.14
-0.39 -0.07
-0.33 -0.03
0.08 -0.20
0.04 -0.27
-0.28 -0.21
0.15 -0.36
-0.12 -0.15
0.01 -0.15
0.22 0.25
-0.76 0.22
0.22 -0.19
-0.07 -0.09
0.22 0.02
0.09 -0.15
-0.03 -0.08
-0.81 0.47
-0.31 -0.24
-0.41 -0.11
-0.69 -0.22
0.07 0.58
-0.06 -0.07
0.13 -0.26
0.08 0.59
0.19 -0.32
-0.25 -0.02
0.13 0.46
0.14 0.13
-0.31 -0.04
-0.36 -0.07
0.19 -0.35
-0.25 -0.19
0.05 0.59
-0.25 -0.12
-0.26 -0.13
0.01 -0.31
0.13 0.58
-0.14 -0.11
-0.69 0.23
-0.07 -0.33
0.10 -0.26
-0.09 -0.08
-0.35 0.75
0.19 0.16
0.23 0.08
-0.30 -0.08
-0.28 -0.05
0.17 -0.40
0.20 -0.03
0.15 0.21
0.12 -0.37
0.13 0.32
0.31 -0.25
0.22 0.28
-0.10 -0.27
0.00 -0.20
-0.27 -0.09
0.01 0.57
-0.15 0.66
0.19 -0.21
0.02 -0.12
0.05 -0.32
0.07 -0.09
-0.07 -0.30
-0.42 -0.07
0.17 -0.03
-0.63 0.26
0.19 -0.09
0.12 0.02
0.21 -0.04
0.30 -0.21
0.23 -0.23
-0.18 -0.11
-0.33 -0.27
-0.08 -0.29
0.22 0.44
0.09 0.33
-0.12 -0.24
0.03 -0.21
-0.36 -0.23
-0.00 -0.02
0.13 0.35
0.10 -0.23
0.07 0.32
0.09 -0.34
-0.64 -0.22
0.12 0.00
0.19 0.39
0.00 -0.23
0.16 0.30
0.26 0.32
0.24 0.01
0.07 -0.16
0.21 0.64
0.18 -0.39
-0.64 0.25
0.29 -0.05
0.04 -0.43
-0.01 -0.19
-0.13 0.64
-0.13 -0.27
-0.73 0.04
0.26 0.23
-0.22 -0.32
-0.26 -0.17
0.03 -0.11
-0.12 -0.05
0.07 0.01
-0.20 -0.15
0.05 -0.17
0.17 0.18
0.15 0.11
0.19 0.58
-0.02 0.57
0.17 0.08
0.30 -0.18
-0.05 -0.04
0.15 0.32
-0.22 -0.27
0.01 -0.25
-0.08 -0.20
-0.06 0.59
-0.02 -0.20
-0.04 -0.31
0.15 0.29
0.05 -0.29
0.12 -0.06
0.16 -0.29
0.18 0.38
-0.00 -0.16
0.16 -0.16
0.24 -0.12
0.22 -0.40
-0.22 -0.21
-0.03 -0.26
-0.15 -0.11
0.19 0.25
-0.10 -0.33
0.18 0.32
0.06 -0.05
-0.07 -0.24
-0.05 -0.26
0.25 -0.27
0.08 -0.04
0.30 -0.27
0.23 0.41
-0.11 -0.14
0.25 -0.30
0.28 -0.19
0.20 0.21
-0.09 -0.15
0.11 0.04
-0.79 0.58
-0.08 0.02
-0.31 -0.07
0.20 -0.20
-0.05 -0.14
0.27 -0.07
0.31 -0.19
0.18 0.04
-0.26 0.69
0.10 -0.29
0.21 0.42
0.13 -0.11
-0.00 -0.08
-0.18 -0.08
0.34 -0.31
-0.15 -0.24
0.14 -0.01
0.04 -0.01
-0.28 -0.14
-0.68 0.01
0.08 -0.35
0.24 0.26
-0.21 -0.14
-0.03 -0.10
-0.03 0.68
0.01 -0.09
0.26 -0.32
-0.42 -0.10
-0.11 -0.11
0.16 0.16
-0.19 -0.03
0.23 -0.20
0.36 -0.10
0.28 -0.16
0.09 -0.13
0.11 -0.12
0.13 0.29
0.12 -0.13
0.66 -0.13
-0.42 -0.19
0.02 -0.19
-0.34 -0.16
-0.35 -0.06
0.21 -0.01
0.17 0.29
0.21 0.19
0.01 -0.17
-0.03 -0.29
0.13 0.43
0.12 0.61
-0.11 -0.03
0.10 0.38
0.17 0.41
-0.08 -0.06
0.13 -0.18
0.31 -0.01
0.15 0.41
0.20 0.60
-0.23 0.72
-0.29 -0.13
-0.02 -0.06
0.28 -0.35
-0.11 -0.06
0.28 0.31
0.17 0.05
-0.24 -0.01
0.08 -0.29
-0.35 -0.09
0.09 -0.06
-0.36 -0.05
-0.44 -0.08
-0.00 -0.26
-0.04 -0.24
0.13 -0.32
0.10 0.29
-0.00 -0.32
-0.26 -0.22
0.09 -0.08
0.15 -0.10
0.11 0.33
0.32 -0.18
0.32 -0.21
0.16 0.58
-0.32 -0.17
-0.29 -0.28
0.04 0.60
-0.36 -0.20
-0.72 0.37
-0.20 -0.23
-0.41 -0.06
0.16 0.07
0.19 -0.06
0.11 -0.32
-0.78 0.39
-0.70 0.25
0.10 -0.17
0.17 0.47
0.11 0.39
-0.14 -0.21
-0.34 -0.19
0.23 0.38
0.01 0.01
0.24 -0.09
0.10 -0.01
-0.15 -0.08
-0.10 -0.09
0.20 0.63
0.16 0.13
0.25 0.41
-0.25 -0.08
0.11 0.13
-0.03 -0.16
0.14 0.40
0.29 -0.08
0.34 -0.05
-0.02 0.63
0.18 -0.23
-0.77 -0.31
0.18 0.46
-0.67 0.25
0.11 -0.19
0.08 0.27
-0.05 -0.29
-0.09 0.00
-0.00 -0.29
0.26 -0.26
0.24 -0.24
0.04 -0.18
0.27 -0.21
-0.20 0.00
0.06 -0.14
0.05 -0.20
0.03 0.02
-0.44 -0.18
0.30 0.27
-0.68 -0.02
0.10 -0.20
0.41 0.25
-0.25 -0.21
0.28 0.35
0.19 -0.16
0.26 -0.19
0.31 -0.04
0.10 -0.42
0.25 -0.37
0.24 0.42
-0.09 0.59
0.16 0.40
0.22 -0.34
-0.25 -0.32
-0.14 -0.31
-0.17 -0.12
0.21 0.32
-0.32 -0.20
0.34 -0.04
0.06 0.03
0.08 0.36
-0.16 -0.04
0.27 0.01
0.16 0.04
-0.01 -0.28
-0.31 0.79
0.36 -0.16
-0.05 0.63
-0.15 0.02
0.29 -0.02
-0.16 -0.29
0.12 -0.27
0.35 -0.27
0.27 -0.30
0.07 0.60
-0.30 -0.16
0.10 0.23
0.03 0.05
0.08 0.20
0.14 0.47
-0.16 0.65
0.02 -0.35
0.14 0.18
0.17 -0.17
-0.18 -0.14
-0.73 0.42
0.08 -0.18
-0.20 -0.18
-0.13 -0.23
-0.22 -0.06
0.07 0.29
0.09 0.08
0.23 0.11
-0.71 -0.25
0.09 -0.00
0.06 -0.08
0.12 -0.23
0.13 0.04
-0.04 -0.22
-0.34 -0.21
-0.03 0.03
0.16 0.10
-0.19 -0.06
0.14 0.36
-0.67 -0.24
0.15 0.15
-0.27 -0.06
0.27 0.40
-0.22 -0.08
0.23 0.35
0.15 0.01
0.13 -0.35
0.21 0.16
0.62 -0.14
-0.00 0.03
-0.23 0.66
0.25 0.31
0.14 0.30
-0.28 -0.24
0.14 0.26
0.14 0.10
-0.28 -0.07
0.01 0.03
0.15 -0.34
0.20 0.18
0.25 0.28
0.04 -0.25
0.17 0.44
0.08 0.39
0.18 -0.26
0.06 0.06
0.13 -0.15
-0.33 -0.05
-0.23 0.27
-0.18 -0.16
-0.28 -0.12
0.05 -0.37
0.17 0.33
-0.19 -0.09
-0.12 -0.38
0.04 -0.31
-0.15 -0.13
-0.74 0.35
-0.02 -0.17
-0.19 -0.36
-0.09 -0.38
0.18 0.01
0.22 -0.22
0.11 -0.38
0.35 -0.18
-0.16 -0.25
0.10 0.32
0.16 -0.01
-0.09 -0.25
0.32 -0.12
0.21 -0.30
0.22 -0.06
0.15 0.61
0.17 -0.38
-0.21 -0.16
-0.14 -0.25
0.22 0.22
0.18 0.11
-0.01 0.59
0.26 -0.05
0.23 0.29
0.35 -0.24
-0.02 -0.01
0.03 -0.00
-0.08 -0.04
0.30 -0.36
-0.22 -0.01
0.19 0.19
0.20 0.05
-0.07 -0.21
0.19 -0.13
-0.19 -0.32
-0.39 -0.20
-0.26 -0.28
-0.18 -0.35
-0.17 -0.30
-0.04 0.59
0.22 -0.03
0.27 -0.18
0.08 0.30
-0.14 -0.14
-0.22 0.01
-0.01 0.65
-0.31 -0.02
0.02 -0.32
0.12 0.05
0.14 0.59
0.15 -0.26
-0.28 -0.18
-0.05 0.61
0.14 -0.24
0.04 -0.09
0.16 -0.24
-0.06 0.03
-0.03 0.00
0.32 -0.30
0.11 0.36
-0.09 -0.21
0.27 0.07
0.54 -0.17
0.21 -0.32
0.26 0.29
0.13 0.21
-0.23 -0.20
-0.29 -0.25
0.31 -0.09
0.12 0.15
0.02 -0.29
0.10 -0.14
0.27 -0.36
-0.15 -0.05
-0.73 0.67
-0.26 -0.10
0.11 0.10
-0.27 -0.16
0.06 -0.19
0.34 -0.01
0.21 -0.17
0.34 0.29
0.21 0.24
-0.45 0.48
0.14 0.02
0.21 -0.15
0.60 -0.16
0.28 0.26
0.18 0.35
0.03 -0.05
0.09 -0.37
0.18 -0.04
-0.66 0.26
0.17 -0.05
0.11 -0.04
0.29 0.03
-0.04 -0.28
0.29 -0.11
0.24 -0.15
0.15 0.05
0.07 -0.26
0.27 -0.24
0.28 -0.13
-0.12 0.66
0.57 -0.17
0.23 0.32
-0.11 -0.26
-0.25 -0.24
-0.30 -0.06
0.24 -0.33
0.08 0.62
-0.32 -0.12
0.11 0.30
-0.19 0.71
0.22 0.13
0.34 -0.09
0.19 0.07
0.14 0.57
0.28 -0.32
0.05 0.01
-0.21 -0.35
0.17 -0.10
0.03 -0.23
0.15 -0.23
-0.03 -0.13
0.02 0.61
-0.06 -0.38
0.21 -0.12
0.01 -0.28
0.04 -0.04
0.18 -0.07
0.12 -0.34
0.03 -0.26
-0.05 -0.17
-0.23 -0.18
-0.11 0.65
-0.69 0.26
0.07 0.23
0.20 0.08
0.13 0.11
-0.04 -0.18
0.16 -0.32
0.30 0.30
-0.08 -0.01
0.09 -0.03
0.62 -0.12
0.11 0.07
0.16 0.24
0.12 -0.16
0.12 -0.04
-0.31 -0.14
-0.03 0.62
-0.09 0.03
0.28 0.62
-0.13 -0.35
0.26 0.02
0.16 0.46
-0.69 0.29
-0.39 -0.10
-0.25 0.73
0.09 0.17
-0.11 -0.21
-0.17 -0.18
-0.48 0.82
0.12 -0.09
0.26 -0.01
0.20 -0.10
0.03 -0.08
0.03 -0.03
-0.02 -0.04
0.25 0.34
0.17 -0.33
0.11 -0.35
0.13 -0.08
-0.23 0.69
0.07 0.35
0.07 0.07
-0.64 0.28
-0.35 -0.17
0.20 0.02
-0.05 -0.09
0.10 0.14
-0.65 0.80
0.19 0.36
-0.24 -0.13
-0.17 0.72
-0.06 -0.35
0.25 0.37
0.36 -0.19
0.20 -0.26
-0.63 0.23
-0.06 -0.02
0.16 -0.09
0.06 -0.31
-0.32 -0.10
0.30 -0.24
-0.19 -0.01
-0.05 -0.23
0.10 0.26
0.04 -0.07
0.21 0.04
-0.67 0.27
0.13 0.38
0.24 -0.36
0.12 0.22
-0.20 -0.05
0.08 0.56
0.11 -0.22
0.14 -0.20
-0.66 -0.22
0.17 0.57
0.25 -0.19
-0.03 -0.23
-0.36 -0.10
0.07 -0.34
0.11 0.21
0.17 0.36
0.07 -0.12
-0.61 0.24
0.11 0.16
-0.08 -0.23
