0.23 0.21
0.27 0.10
-0.27 0.12
-0.26 0.05
0.13 0.28
0.00 0.16
0.18 -0.10
0.40 -0.61
0.38 -0.04
0.10 -0.61
-0.09 0.02
0.31 0.02
-0.40 0.19
0.07 0.21
0.16 0.33
-0.44 0.27
-0.41 -0.59
-0.18 0.21
0.09 0.19
-0.09 0.22
-0.13 0.10
-0.02 0.01
0.04 -0.37
0.31 0.20
-0.19 -0.56
0.10 -0.06
-0.18 -0.06
0.26 -0.03
0.25 0.34
-0.05 -0.29
0.19 0.28
-0.15 -0.08
0.03 -0.15
-0.22 -0.23
0.27 0.30
0.53 0.09
0.08 0.01
0.34 -0.54
-0.34 -0.07
0.31 -0.53
-0.03 -0.35
-0.42 0.25
-0.13 -0.00
-0.27 0.37
0.45 0.32
-0.17 0.11
-0.01 -0.01
-0.21 -0.01
-0.37 0.00
-0.17 0.01
-0.39 0.16
0.27 0.36
-0.13 -0.14
0.09 0.22
0.07 0.18
0.52 0.14
0.31 -0.55
0.04 -0.33
-0.46 -0.64
-0.01 -0.18
0.60 -0.03
0.30 0.22
0.27 -0.58
-0.15 0.09
0.09 0.10
0.08 -0.27
0.26 0.25
-0.07 0.12
0.34 0.02
0.10 -0.55
0.04 0.05
0.37 0.15
-0.13 -0.06
-0.03 -0.13
0.35 0.09
0.39 0.07
0.07 0.28
-0.27 0.15
0.38 0.32
0.05 0.27
0.08 -0.18
0.35 -0.04
0.24 -0.00
0.01 -0.10
0.06 -0.01
-0.14 0.12
0.29 -0.54
0.29 -0.57
-0.33 0.03
0.28 0.03
0.23 -0.21
0.22 0.04
0.13 -0.17
-0.03 0.26
-0.31 0.15
0.41 0.26
0.09 -0.10
0.57 0.01
-0.27 -0.09
0.06 -0.22
0.13 0.33
0.11 0.26
-0.38 0.27
0.05 -0.28
-0.23 -0.58
-0.37 0.03
0.02 -0.31
-0.19 -0.03
0.20 0.12
-0.11 -0.21
-0.25 0.24
0.05 0.17
-0.10 -0.19
-0.31 -0.14
0.18 -0.26
-0.27 0.31
0.03 -0.42
0.38 0.21
-0.30 0.19
0.10 -0.58
0.02 0.23
-0.20 0.34
0.11 0.21
-0.25 -0.10
0.14 0.26
-0.23 0.09
0.30 -0.09
-0.31 -0.60
0.13 0.19
0.32 -0.04
0.24 0.40
0.33 0.11
-0.36 -0.54
0.45 -0.65
0.35 0.04
-0.04 -0.05
0.05 0.09
-0.18 0.25
0.20 0.31
0.33 0.07
-0.13 -0.10
-0.23 -0.06
-0.31 -0.11
-0.05 -0.61
0.33 0.26
0.03 0.28
-0.31 0.12
-0.38 -0.59
-0.16 -0.13
0.34 0.20
0.56 0.11
-0.24 0.07
0.10 -0.19
0.31 0.35
-0.21 -0.59
0.07 -0.20
0.06 -0.35
-0.20 0.06
-0.23 0.25
-0.26 0.10
-0.02 0.15
-0.42 0.29
0.38 0.13
-0.42 0.09
-0.11 -0.24
0.24 0.28
-0.15 0.19
0.15 0.04
-0.29 -0.54
0.01 -0.16
-0.40 -0.57
0.38 0.00
0.26 0.05
-0.12 0.35
-0.29 0.01
0.36 0.36
0.56 0.04
0.29 -0.60
-0.41 -0.62
-0.01 -0.12
0.18 -0.05
-0.17 -0.54
-0.05 -0.37
-0.20 -0.07
0.01 -0.33
-0.05 0.28
-0.07 0.29
-0.05 -0.17
-0.12 0.26
-0.34 0.25
-0.38 -0.56
0.07 0.38
0.16 0.15
-0.24 -0.56
0.13 -0.26
0.09 -0.35
-0.22 -0.17
0.19 -0.59
-0.18 -0.12
-0.11 -0.17
0.47 0.30
-0.08 0.09
-0.12 0.14
0.25 -0.12
-0.20 0.17
0.11 -0.14
0.38 0.17
-0.22 0.15
-0.29 0.13
-0.15 0.15
-0.03 -0.16
-0.23 -0.09
0.40 -0.02
0.12 0.24
-0.14 -0.27
0.15 -0.25
-0.40 0.01
-0.06 -0.35
-0.29 -0.16
0.23 0.30
0.52 0.29
-0.30 -0.04
-0.10 0.04
0.03 0.32
-0.14 -0.30
0.08 0.26
0.04 -0.30
0.44 0.30
0.45 0.14
-0.20 -0.19
0.20 0.22
0.34 0.32
-0.20 -0.10
-0.16 -0.10
0.17 -0.21
0.27 0.33
0.21 -0.19
0.11 0.01
0.12 0.09
0.34 -0.06
-0.06 0.07
0.40 0.23
0.08 0.33
-0.31 0.21
-0.12 0.32
0.18 -0.52
-0.18 -0.18
-0.18 -0.08
0.07 0.12
-0.01 -0.24
0.10 -0.01
0.01 0.08
-0.41 0.27
-0.35 0.23
-0.01 -0.04
-0.03 0.24
-0.27 0.08
0.27 0.39
-0.30 0.27
-0.32 -0.09
-0.16 -0.19
-0.14 -0.53
-0.35 -0.05
0.19 -0.12
0.35 0.13
-0.37 0.37
-0.39 0.21
0.41 0.04
0.45 0.07
0.03 -0.18
0.13 -0.23
-0.07 -0.38
0.13 -0.10
0.00 0.01
-0.21 0.03
-0.27 0.33
0.15 -0.55
-0.23 -0.03
0.34 0.40
0.08 -0.02
0.25 0.11
-0.42 0.21
-0.40 0.10
0.09 0.08
0.40 0.28
-0.34 0.00
0.20 0.02
0.06 0.32
-0.30 0.33
0.18 -0.55
-0.03 -0.07
0.16 0.12
0.20 0.09
0.07 0.15
0.15 -0.08
-0.16 -0.16
-0.26 -0.58
0.33 -0.09
-0.38 0.18
0.16 0.20
-0.07 -0.14
0.24 -0.54
-0.08 -0.24
0.14 -0.21
-0.34 0.10
0.32 0.18
-0.46 0.18
0.14 -0.29
0.02 0.03
0.17 -0.13
0.36 0.33
-0.00 -0.39
-0.14 -0.16
0.45 0.23
0.25 -0.20
-0.34 0.14
0.08 0.30
0.44 -0.63
-0.29 -0.62
0.27 -0.55
0.15 -0.01
0.14 0.13
-0.17 0.13
0.04 -0.12
0.36 0.27
0.22 0.14
-0.43 -0.64
0.12 0.06
0.52 0.19
0.38 0.29
0.17 0.22
0.20 -0.51
-0.01 0.09
0.14 -0.15
-0.10 0.40
-0.22 0.27
0.14 0.01
-0.16 -0.06
-0.34 0.36
0.31 0.24
-0.21 0.25
-0.25 -0.18
0.06 0.02
-0.09 -0.21
-0.12 0.02
0.09 0.36
0.30 0.12
-0.45 0.16
0.26 0.00
0.06 -0.07
0.48 0.28
-0.14 0.21
0.07 0.24
0.29 0.05
-0.19 0.27
-0.43 -0.61
-0.18 0.29
-0.02 0.18
-0.22 -0.14
-0.33 0.20
-0.43 0.18
-0.13 -0.31
0.38 -0.60
0.09 -0.22
0.12 0.37
0.31 0.27
-0.30 -0.01
0.54 -0.66
0.48 0.18
-0.11 0.12
0.36 0.11
0.40 0.19
0.39 0.11
-0.45 0.21
0.16 0.06
0.41 0.12
-0.09 0.16
0.03 -0.05
-0.15 0.25
0.18 0.32
-0.36 0.25
0.36 -0.55
-0.07 0.24
-0.25 0.17
-0.05 0.10
-0.24 -0.01
0.03 -0.24
0.43 0.32
0.06 -0.13
-0.07 -0.01
-0.09 0.19
0.01 -0.19
-0.36 0.07
-0.21 0.38
0.27 -0.10
0.43 0.14
-0.16 0.04
0.20 -0.61
0.35 0.00
-0.09 -0.57
-0.09 -0.35
-0.35 0.02
-0.29 0.35
-0.39 -0.01
0.23 -0.07
-0.11 -0.29
0.11 0.18
0.01 -0.44
0.29 -0.51
-0.03 0.29
-0.47 0.32
-0.18 0.18
0.15 -0.05
-0.33 0.08
0.10 0.28
0.10 -0.27
-0.09 0.25
0.30 -0.12
0.06 -0.04
0.11 0.35
-0.35 0.18
0.22 0.33
-0.02 -0.33
-0.32 0.35
-0.14 -0.21
0.22 0.36
-0.35 0.27
-0.39 -0.61
0.07 0.09
0.34 0.29
-0.03 0.36
-0.19 0.32
-0.07 -0.31
0.44 0.12
-0.10 0.31
-0.18 0.34
0.09 0.16
0.17 -0.03
-0.45 0.13
-0.41 0.23
-0.03 0.11
-0.13 -0.24
-0.20 -0.25
0.11 -0.09
-0.20 -0.16
-0.45 0.25
-0.34 0.29
0.02 -0.39
0.29 -0.04
-0.05 0.34
-0.03 -0.10
0.18 0.20
0.34 0.37
0.08 -0.15
-0.03 -0.42
-0.10 0.37
-0.10 -0.10
-0.44 0.23
0.56 0.08
0.12 -0.54
0.02 0.30
-0.16 -0.25
-0.31 0.01
0.29 0.28
0.20 0.15
0.13 -0.13
0.17 -0.57
0.01 -0.37
-0.23 -0.53
-0.11 -0.07
0.33 -0.11
-0.08 -0.29
0.32 0.00
0.08 -0.57
-0.25 -0.16
0.27 -0.05
-0.06 -0.07
0.40 0.33
0.41 0.17
-0.00 0.25
0.01 -0.28
-0.17 0.32
-0.13 0.07
0.14 0.35
-0.14 0.02
0.38 -0.63
0.24 0.19
-0.14 0.32
-0.42 0.06
-0.10 -0.00
0.27 -0.17
-0.43 0.33
-0.12 0.19
0.42 0.07
0.37 0.02
-0.29 0.16
0.29 -0.07
-0.45 0.29
0.36 -0.58
0.02 0.15
-0.15 0.34
-0.32 0.10
-0.10 0.34
-0.22 0.36
-0.19 -0.59
-0.13 0.23
-0.18 0.07
0.29 -0.15
0.27 -0.53
-0.39 0.12
0.21 -0.23
-0.40 0.29
0.14 -0.03
-0.36 -0.60
0.11 0.12
0.34 -0.57
0.20 -0.54
-0.16 0.23
-0.16 -0.22
-0.01 -0.31
-0.39 0.25
-0.37 0.14
-0.35 0.31
0.15 -0.58
-0.29 -0.10
0.24 0.06
-0.05 0.31
-0.18 -0.01
-0.25 -0.13
0.15 0.24
-0.06 0.05
0.38 -0.57
0.16 -0.27
0.43 0.23
0.16 -0.11
-0.16 -0.03
-0.38 0.31
-0.27 -0.12
0.31 -0.02
0.18 -0.14
0.29 0.25
0.20 -0.57
-0.08 0.32
0.24 -0.14
-0.03 -0.40
-0.20 -0.13
0.32 0.09
-0.37 0.29
-0.10 -0.05
-0.05 -0.09
-0.41 0.32
-0.09 -0.07
0.16 -0.19
0.23 0.09
0.36 -0.61
0.11 -0.21
-0.06 -0.12
0.45 0.19
-0.29 0.31
-0.38 0.09
-0.23 -0.11
-0.10 0.28
0.27 0.27
-0.13 0.04
0.02 0.21
0.20 -0.21
-0.26 -0.04
-0.07 -0.59
-0.12 -0.62
0.31 0.15
0.20 -0.02
-0.28 0.25
0.24 -0.05
0.05 -0.39
-0.27 0.03
-0.37 0.34
0.53 0.11
0.37 -0.07
-0.18 -0.24
0.02 -0.01
0.31 0.30
0.03 -0.27
0.32 0.38
0.07 -0.37
0.24 0.16
-0.03 -0.22
-0.01 -0.15
0.19 -0.23
-0.19 0.23
-0.05 0.25
0.11 0.30
-0.01 -0.06
0.08 -0.05
0.10 -0.31
-0.09 0.11
-0.01 -0.21
0.38 0.09
-0.25 0.19
0.06 0.07
0.04 0.12
-0.37 -0.03
0.16 0.17
0.44 0.21
-0.33 -0.62
-0.06 -0.22
0.27 0.13
0.31 0.33
-0.14 0.37
-0.06 0.37
0.29 0.31
-0.07 -0.10
0.13 -0.31
0.21 0.24
0.29 0.15
-0.16 -0.61
-0.19 0.15
0.17 0.30
-0.34 -0.12
-0.21 -0.51
-0.13 -0.56
-0.31 0.24
-0.02 0.21
0.21 0.07
0.52 0.25
-0.28 0.28
-0.39 -0.67
-0.03 -0.03
-0.06 -0.24
-0.07 0.21
-0.03 0.06
0.22 0.38
-0.15 0.06
0.18 0.10
0.44 0.25
-0.07 0.26
-0.32 0.06
0.29 0.09
-0.01 0.03
0.14 0.22
0.05 0.14
0.40 0.14
0.34 0.15
-0.05 0.16
0.11 -0.29
-0.34 0.12
-0.36 -0.57
0.37 0.19
0.20 0.37
-0.27 -0.01
-0.32 0.32
0.20 0.26
0.42 0.28
-0.23 0.18
-0.14 0.27
0.29 0.18
-0.25 -0.21
-0.18 0.38
0.43 -0.65
0.26 -0.15
0.32 -0.58
0.01 -0.22
-0.31 -0.54
0.07 -0.12
0.08 -0.33
-0.39 -0.64
-0.23 0.01
0.02 0.10
-0.06 0.02
-0.20 0.29
0.48 0.23
0.35 -0.09
-0.08 -0.12
0.47 0.15
0.17 0.26
0.01 -0.07
-0.30 -0.52
-0.04 0.14
-0.14 0.39
0.26 0.08
-0.08 -0.33
-0.34 -0.53
-0.14 0.17
0.22 -0.09
0.40 0.02
0.31 -0.14
0.44 0.04
0.11 -0.17
-0.17 0.36
-0.00 0.19
0.11 -0.11
0.12 0.40
-0.03 0.08
0.38 0.35
-0.27 -0.56
-0.07 -0.27
-0.11 -0.33
-0.12 -0.26
0.25 0.14
-0.13 -0.19
0.12 0.03
-0.27 -0.06
-0.01 0.06
0.43 0.10
-0.09 -0.03
-0.31 0.37
-0.15 -0.01
-0.30 -0.56
0.27 0.18
-0.10 -0.27
-0.24 0.03
0.32 0.22
0.17 0.02
-0.24 -0.51
-0.00 0.22
-0.17 -0.52
0.13 0.16
0.52 0.16
0.36 0.07
-0.35 -0.02
0.16 0.09
-0.08 -0.17
-0.42 0.03
0.29 0.34
0.07 0.04
0.20 0.18
-0.21 0.13
-0.25 0.29
-0.30 0.08
0.43 -0.61
0.43 0.02
0.08 -0.60
0.13 -0.19
0.23 0.26
0.35 0.17
0.28 0.07
-0.19 0.09
0.22 -0.12
0.08 -0.08
0.21 -0.14
0.14 0.10
0.24 -0.57
0.24 -0.51
-0.25 -0.62
0.38 0.04
0.11 -0.24
-0.29 0.06
0.46 0.10
0.20 -0.07
0.05 0.40
-0.31 0.29
-0.41 0.35
0.03 -0.35
-0.03 -0.25
-0.32 -0.02
0.40 -0.64
-0.38 0.06
-0.28 0.20
-0.13 -0.04
0.37 -0.02
0.41 0.30
-0.17 0.16
0.22 -0.05
-0.19 0.12
0.02 0.18
0.22 -0.16
0.05 0.30
-0.25 -0.07
0.27 -0.13
0.37 0.24
-0.04 -0.27
0.00 0.33
0.15 -0.53
0.10 0.24
-0.38 -0.05
-0.40 0.04
0.21 0.19
-0.28 -0.03
0.11 -0.33
0.41 0.21
-0.35 -0.10
-0.21 0.20
0.01 -0.04
0.09 0.05
-0.27 0.18
0.56 0.31
-0.19 0.36
-0.25 0.35
-0.33 0.23
-0.21 0.11
-0.27 -0.51
-0.07 0.15
0.06 -0.31
-0.18 0.03
-0.15 -0.58
-0.22 0.30
-0.31 -0.58
-0.03 0.32
0.07 0.35
-0.04 -0.01
0.05 0.22
-0.38 0.23
0.22 0.02
-0.09 0.14
-0.02 0.34
-0.21 -0.56
0.27 0.23
-0.00 -0.47
-0.37 -0.08
0.01 0.05
-0.28 0.23
0.18 0.16
0.05 -0.19
-0.15 -0.55
0.25 0.03
-0.20 -0.22
-0.11 0.24
0.18 0.35
0.27 0.16
-0.35 0.05
0.22 0.17
-0.10 -0.14
-0.21 -0.04
0.12 -0.57
0.18 -0.19
-0.18 -0.21
-0.10 -0.31
0.29 0.37
0.32 0.13
-0.00 0.11
0.20 0.34
-0.08 -0.62
0.08 -0.30
0.17 -0.17
-0.03 0.03
0.12 -0.04
-0.34 -0.59
-0.26 -0.54
0.02 0.13
-0.09 0.06
-0.22 0.23
-0.11 -0.55
0.40 -0.58
-0.07 -0.19
-0.07 -0.05
-0.41 -0.01
-0.01 -0.27
-0.08 0.35
0.31 0.07
0.14 0.07
0.47 0.12
0.18 0.24
-0.42 0.12
-0.11 0.06
0.02 0.26
0.11 0.15
-0.43 0.14
-0.47 0.23
-0.01 -0.09
0.24 0.23
0.17 0.04
-0.05 0.19
-0.11 -0.12
0.03 -0.02
-0.17 -0.57
0.34 -0.66
0.18 0.07
-0.07 0.18
-0.30 0.03
-0.29 -0.13
0.45 0.28
0.22 0.11
-0.00 -0.42
0.17 -0.60
-0.33 -0.56
-0.16 0.27
0.16 -0.23
-0.33 0.17
0.41 -0.00
0.10 0.03
0.10 -0.04
-0.26 0.22
0.04 0.25
0.28 -0.02
-0.27 -0.15
-0.12 -0.59
-0.01 0.30
0.18 -0.00
0.22 -0.52
-0.11 0.16
-0.27 -0.61
0.03 0.01
0.21 0.28
0.20 -0.17
0.34 0.24
0.32 0.04
0.08 -0.24
0.51 0.22
0.15 0.39
0.29 0.00
0.09 -0.13
-0.33 -0.04
0.01 -0.13
0.20 -0.09
0.47 0.21
-0.05 -0.20
0.16 0.36
0.09 0.13
-0.04 -0.31
-0.05 -0.33
0.03 -0.08
0.25 0.37
0.35 0.22
0.22 -0.58
0.06 -0.10
0.47 0.25
-0.21 0.08
0.25 -0.09
0.25 0.31
-0.40 0.14
-0.24 0.12
0.03 -0.63
-0.27 -0.18
0.13 -0.07
0.05 0.19
-0.25 0.14
0.22 -0.55
0.18 0.13
-0.15 0.30
-0.12 0.29
-0.36 0.21
0.01 -0.25
-0.22 -0.20
-0.29 -0.07
-0.11 0.09
0.34 -0.02
-0.29 0.10
0.05 0.34
-0.40 0.07
-0.18 -0.15
-0.32 -0.06
0.06 -0.16
0.20 0.05
0.12 -0.01
-0.20 -0.53
-0.47 0.27
-0.01 0.14
-0.37 0.11
0.31 -0.60
0.21 -0.00
0.31 -0.06
0.55 0.06
-0.16 -0.28
-0.20 0.01
-0.23 0.21
0.10 0.32
-0.12 -0.03
0.23 -0.03
0.02 0.34
-0.42 0.16
0.17 -0.07
-0.18 -0.27
-0.06 -0.03
-0.34 0.33
0.28 0.20
-0.00 -0.35
0.05 0.37
-0.24 -0.60
-0.25 0.27
-0.23 0.05
-0.26 0.01
-0.29 -0.59
0.03 0.07
-0.05 -0.40
-0.36 0.16
0.41 0.09
-0.32 0.27
0.03 -0.21
0.44 0.16
-0.14 -0.12
-0.23 0.33
-0.02 -0.37
0.43 0.19
0.24 -0.17
-0.00 0.28
-0.05 -0.15
-0.08 0.04
-0.03 -0.19
-0.11 0.21
-0.05 0.22
-0.25 0.32
0.14 0.31
-0.02 -0.29
0.26 -0.07
0.16 0.28
-0.02 -0.44
0.18 -0.62
0.06 -0.25
0.26 0.21
0.38 0.26
0.36 0.30
