0.21 -0.48
-0.07 0.12
-0.20 0.33
0.02 0.26
-0.06 0.04
0.34 0.29
-0.07 0.39
-0.18 0.32
0.24 0.11
0.17 -0.14
-0.31 -0.24
0.23 -0.60
0.19 0.06
0.36 0.38
0.16 0.21
-0.07 0.37
-0.16 -0.06
0.22 -0.45
0.22 -0.06
0.15 -0.66
-0.26 -0.36
0.30 -0.10
-0.18 -0.42
-0.36 -0.59
0.19 -0.27
-0.07 0.07
-0.35 -0.09
0.04 0.28
0.31 -0.27
0.38 0.36
0.13 0.25
-0.34 0.05
-0.29 -0.16
-0.19 0.30
-0.29 -0.19
-0.30 0.03
0.21 -0.26
0.35 0.03
-0.22 -0.59
-0.18 0.24
-0.28 -0.54
0.36 0.06
0.06 0.11
0.26 -0.40
-0.16 0.07
0.19 -0.21
0.15 0.07
0.12 0.38
0.19 -0.30
0.16 -0.04
-0.21 -0.04
0.06 -0.03
-0.30 0.32
0.14 0.23
0.29 -0.29
0.15 0.13
-0.13 -0.00
0.11 0.36
0.32 -0.03
-0.13 0.03
-0.12 0.39
-0.19 -0.06
-0.39 -0.62
-0.12 0.33
0.26 0.04
0.29 0.33
0.14 -0.33
0.14 -0.02
0.30 0.09
0.26 0.12
-0.32 0.13
0.10 0.34
-0.27 0.30
0.34 0.34
-0.00 0.22
-0.22 -0.45
-0.20 -0.12
-0.33 0.03
-0.34 -0.55
-0.22 -0.29
0.00 0.14
-0.07 0.15
-0.24 0.07
-0.30 0.22
0.27 -0.24
0.24 -0.10
-0.38 0.27
-0.08 0.09
-0.25 -0.47
-0.13 0.27
-0.18 -0.21
-0.18 -0.24
-0.20 0.36
0.33 -0.14
-0.15 -0.41
0.27 0.34
-0.22 0.38
0.24 -0.58
-0.28 -0.38
0.19 -0.18
-0.28 -0.02
-0.23 0.03
0.11 0.32
0.31 -0.06
0.32 0.12
0.31 -0.21
0.21 0.30
-0.39 0.10
-0.13 0.10
0.24 -0.14
0.27 -0.10
-0.32 0.17
0.22 -0.43
0.36 0.23
-0.24 0.22
0.04 0.42
-0.37 0.33
0.03 -0.02
-0.14 0.37
0.29 -0.18
0.11 0.16
-0.25 -0.34
-0.18 -0.35
-0.16 -0.58
0.09 0.17
-0.34 0.24
0.22 -0.03
0.25 -0.29
0.34 0.12
0.33 0.10
-0.32 -0.08
0.17 0.23
0.42 0.34
0.36 -0.58
0.27 -0.21
0.20 -0.01
-0.34 -0.21
0.28 -0.54
-0.31 0.05
-0.02 0.37
0.08 -0.03
-0.38 -0.56
0.29 -0.07
0.17 -0.42
0.17 -0.45
-0.37 0.39
-0.24 -0.56
0.04 0.36
0.06 0.37
0.14 -0.30
-0.27 -0.40
0.10 -0.01
-0.66 -0.16
0.08 0.06
-0.17 0.02
0.00 0.02
0.15 0.38
-0.35 0.01
-0.20 -0.17
-0.29 -0.07
-0.31 -0.38
-0.39 0.21
0.41 0.29
-0.38 0.13
0.37 0.17
-0.11 0.23
0.43 0.28
-0.04 -0.04
-0.31 -0.15
-0.25 -0.42
-0.03 0.43
-0.11 -0.59
0.34 0.25
0.26 0.25
-0.15 -0.08
0.16 -0.31
-0.25 0.12
0.12 -0.06
-0.33 0.07
-0.00 0.30
0.31 0.29
0.09 0.20
-0.30 -0.04
-0.40 0.17
0.17 0.05
-0.19 -0.34
-0.11 -0.02
-0.14 -0.56
0.21 0.38
-0.32 0.40
-0.37 0.29
0.17 -0.07
0.20 -0.04
0.41 0.15
0.20 -0.07
-0.18 0.00
0.17 0.17
-0.05 0.19
-0.06 0.10
-0.11 0.31
0.25 0.32
0.23 0.02
-0.43 0.24
-0.30 -0.21
0.36 0.15
0.15 -0.44
-0.17 0.10
0.22 -0.35
-0.02 -0.00
-0.18 0.38
-0.36 0.03
0.29 0.16
0.33 0.19
0.18 0.13
-0.10 0.03
-0.24 -0.29
0.18 -0.12
0.14 -0.36
0.08 0.02
-0.02 -0.03
0.27 0.38
-0.30 0.18
-0.33 -0.26
-0.23 0.19
-0.22 0.05
0.21 -0.39
0.20 0.36
-0.11 0.15
-0.23 -0.36
0.05 0.14
-0.28 -0.43
-0.14 -0.02
-0.40 0.29
-0.02 0.34
0.37 0.08
0.31 0.05
0.26 -0.18
-0.16 -0.25
-0.19 -0.10
0.06 -0.60
0.18 0.00
-0.04 0.27
-0.19 0.14
0.22 0.06
0.32 0.16
0.15 -0.24
-0.44 0.38
0.27 0.23
0.23 -0.40
0.26 0.16
-0.12 0.36
0.21 0.04
-0.16 0.33
0.29 -0.04
0.24 -0.07
-0.21 -0.40
0.31 -0.33
0.25 -0.26
0.21 0.11
-0.17 0.13
0.32 -0.57
0.21 -0.20
0.02 -0.00
0.30 0.38
0.24 -0.54
0.13 0.08
0.25 -0.16
0.06 0.35
-0.01 -0.59
0.07 0.08
-0.39 0.19
-0.18 -0.18
0.32 0.07
0.17 -0.17
-0.43 0.18
0.38 0.11
0.37 0.26
-0.12 -0.57
-0.21 0.26
-0.22 -0.38
-0.25 -0.54
-0.36 0.31
0.02 0.23
0.40 0.27
-0.27 0.21
-0.05 0.07
0.36 0.19
0.09 0.22
-0.22 -0.06
0.21 -0.31
0.45 0.30
-0.42 0.31
0.08 0.39
-0.24 -0.40
0.15 0.04
-0.07 0.02
-0.29 0.26
0.01 0.07
-0.08 0.05
-0.27 -0.30
-0.35 0.35
-0.32 0.01
0.32 -0.00
-0.27 -0.21
-0.34 0.15
-0.23 0.28
0.24 0.27
0.31 0.34
-0.25 -0.06
-0.31 0.35
-0.13 0.13
-0.20 -0.19
0.34 -0.02
0.12 -0.01
0.40 0.22
-0.27 0.03
0.10 0.04
0.18 -0.54
-0.24 -0.27
0.04 0.19
-0.34 0.30
0.22 0.09
0.18 0.30
0.38 0.15
-0.32 0.22
0.29 0.07
-0.09 -0.04
0.42 0.22
0.06 0.26
0.30 -0.38
-0.15 0.39
-0.29 -0.13
-0.39 0.35
-0.00 0.36
-0.20 -0.43
0.41 0.24
-0.35 0.13
-0.29 0.13
0.25 -0.20
0.40 0.17
-0.09 0.27
0.14 0.32
0.34 -0.05
-0.05 0.38
0.23 -0.21
0.13 -0.13
0.12 -0.58
-0.20 -0.61
-0.00 0.19
-0.11 0.18
0.33 0.27
0.27 0.27
-0.09 0.16
-0.32 -0.32
0.20 -0.34
0.30 -0.35
-0.45 0.31
0.25 -0.34
-0.26 0.35
0.16 0.25
0.06 0.32
0.27 0.42
0.14 0.36
-0.27 0.18
0.15 -0.27
-0.31 -0.27
-0.02 0.21
-0.15 0.20
-0.17 -0.30
-0.18 0.22
0.18 -0.33
-0.04 0.09
-0.13 0.16
-0.25 0.38
-0.35 0.27
0.38 0.19
-0.20 0.04
-0.33 0.34
-0.15 0.17
0.15 0.09
-0.34 -0.18
-0.07 0.26
-0.19 -0.48
-0.13 -0.10
0.28 -0.12
-0.40 0.33
-0.36 0.25
0.41 0.40
-0.23 0.14
-0.21 -0.32
-0.26 -0.12
-0.32 0.31
0.13 -0.10
-0.30 -0.34
0.17 0.32
-0.22 -0.48
-0.22 0.11
0.25 0.21
0.14 -0.42
0.32 0.36
-0.37 0.22
0.15 -0.21
-0.17 -0.46
0.06 0.06
0.20 -0.37
0.02 0.16
0.19 0.40
-0.42 0.35
0.24 0.30
0.10 -0.05
0.22 0.32
-0.29 -0.56
-0.08 -0.59
-0.20 0.02
-0.33 0.10
0.33 -0.59
0.30 0.01
-0.20 0.24
0.04 0.22
-0.14 0.32
-0.11 0.26
0.18 -0.62
-0.15 -0.28
0.31 -0.24
0.21 -0.58
0.24 -0.01
0.24 0.38
-0.06 -0.57
-0.31 -0.30
-0.04 0.25
0.30 -0.02
0.16 -0.37
0.31 0.25
0.09 -0.07
0.16 0.11
0.14 -0.38
0.28 -0.56
0.11 0.21
0.25 0.01
0.11 -0.03
-0.25 0.19
-0.72 -0.42
0.08 0.30
-0.23 -0.32
0.22 0.16
-0.28 0.28
0.34 -0.08
-0.22 -0.57
-0.40 0.13
0.19 0.16
0.23 0.25
-0.19 -0.03
-0.39 0.24
-0.41 0.23
-0.22 -0.09
0.38 0.31
-0.29 -0.29
-0.19 0.35
-0.17 0.36
0.23 -0.30
0.15 0.19
-0.42 0.15
0.16 -0.10
-0.22 -0.02
-0.15 0.14
0.08 0.36
0.21 -0.29
-0.16 -0.23
0.20 -0.13
-0.17 -0.32
-0.07 0.29
0.21 -0.54
-0.20 -0.55
-0.09 -0.61
-0.17 0.19
0.07 0.18
0.29 0.11
-0.00 0.17
-0.31 0.28
-0.02 0.23
0.10 -0.60
0.28 -0.16
-0.42 -0.60
-0.28 -0.58
-0.03 0.05
0.25 -0.23
-0.23 0.32
-0.39 0.15
-0.27 0.38
-0.16 -0.20
0.23 -0.12
-0.04 0.36
0.21 -0.10
0.18 -0.38
0.25 -0.42
-0.25 -0.38
0.28 -0.01
-0.21 0.16
0.13 0.30
-0.01 0.05
-0.33 0.37
0.29 -0.32
-0.06 -0.00
-0.29 0.20
-0.04 0.02
-0.20 -0.36
0.39 -0.58
0.27 -0.33
0.28 0.02
0.30 -0.55
-0.25 0.24
-0.34 -0.12
-0.23 -0.42
0.20 0.23
0.41 0.20
-0.43 0.27
0.20 -0.42
0.19 0.03
0.27 -0.30
0.24 -0.47
0.02 0.34
0.30 0.14
-0.34 -0.24
0.31 -0.12
-0.19 0.20
-0.00 0.28
0.15 -0.12
0.15 -0.58
0.33 -0.55
0.03 0.02
-0.38 0.17
0.10 0.38
0.03 0.06
0.17 0.02
-0.36 -0.56
0.14 -0.08
0.29 0.36
-0.19 -0.14
0.30 0.23
0.08 0.28
-0.36 0.10
0.23 0.13
-0.17 -0.12
0.26 0.36
-0.18 -0.27
0.21 0.20
-0.24 0.09
0.22 -0.08
0.10 0.12
-0.39 0.31
0.07 0.04
0.23 -0.18
0.21 0.18
-0.45 0.23
-0.32 0.20
0.44 0.36
0.08 -0.58
-0.15 0.02
-0.32 -0.06
0.18 -0.03
0.16 -0.55
-0.30 0.07
-0.23 -0.12
-0.17 -0.40
0.21 -0.17
-0.05 0.14
-0.13 0.24
0.05 0.17
-0.29 -0.26
-0.26 -0.25
0.15 0.16
-0.35 -0.15
0.23 -0.33
0.18 -0.57
0.20 0.32
-0.15 -0.34
0.26 0.29
0.25 -0.38
-0.27 0.32
0.26 0.19
0.37 0.22
-0.03 0.40
0.23 -0.27
0.31 0.21
-0.30 -0.12
-0.31 0.15
0.22 -0.15
0.22 -0.64
0.04 -0.05
0.30 0.03
0.45 0.24
0.19 0.10
-0.26 0.40
-0.09 0.14
0.37 -0.56
-0.13 0.07
-0.27 0.14
-0.15 -0.14
0.11 -0.09
-0.13 -0.59
-0.18 0.08
0.30 0.31
0.36 0.34
-0.29 0.01
-0.04 0.12
0.13 0.40
-0.22 -0.16
-0.35 0.21
-0.06 0.32
0.02 0.04
0.13 0.11
0.39 0.38
-0.05 0.30
0.10 0.25
-0.28 -0.24
0.01 0.11
0.02 0.32
0.31 -0.16
-0.41 0.26
0.04 0.30
0.28 0.05
0.13 -0.56
0.04 0.04
-0.19 0.11
-0.27 -0.56
0.29 -0.23
0.26 -0.36
-0.43 0.29
-0.32 -0.35
-0.28 0.11
-0.67 -0.10
-0.16 0.30
0.24 0.17
-0.24 0.35
0.35 0.39
0.28 -0.35
-0.36 0.15
-0.20 0.06
-0.34 0.33
0.17 -0.29
0.24 0.23
-0.41 0.37
-0.13 0.30
0.33 0.05
0.04 0.11
0.06 0.21
-0.31 0.38
0.27 -0.14
-0.02 0.18
-0.20 -0.58
0.26 -0.45
-0.30 -0.01
-0.25 -0.58
-0.33 0.28
0.03 0.13
-0.58 -0.62
0.43 0.31
-0.34 -0.06
-0.18 -0.57
0.30 0.19
0.15 -0.18
-0.24 0.30
0.18 -0.40
-0.31 0.25
0.34 -0.19
-0.04 0.33
-0.22 0.30
-0.09 0.11
-0.22 0.35
-0.14 -0.36
-0.11 0.21
0.18 0.34
0.20 -0.56
0.11 0.02
-0.21 0.18
-0.09 0.22
-0.11 0.05
0.28 0.18
-0.29 0.37
0.30 -0.58
0.11 0.27
-0.17 -0.55
0.28 0.25
0.04 0.39
0.34 0.21
-0.19 -0.31
-0.29 -0.40
0.32 -0.60
0.09 0.11
0.19 -0.09
-0.07 0.21
0.01 -0.04
-0.11 0.12
0.29 0.40
0.02 0.29
-0.38 0.08
0.28 0.21
-0.22 -0.14
-0.18 0.05
0.23 0.19
0.33 -0.25
-0.15 0.28
0.07 -0.01
-0.11 0.09
-0.04 -0.01
-0.37 0.06
-0.07 0.35
0.24 0.05
-0.24 0.40
0.22 -0.56
0.26 -0.54
0.02 -0.63
0.25 -0.12
0.00 -0.02
-0.00 0.39
-0.02 0.29
-0.18 -0.59
-0.18 -0.15
-0.02 0.13
0.29 -0.20
-0.22 -0.26
-0.19 0.26
0.34 0.08
-0.36 0.19
-0.10 0.35
0.28 -0.38
0.11 0.18
0.39 0.34
-0.24 -0.04
0.18 0.26
0.33 0.14
0.06 0.23
-0.35 0.08
-0.30 0.30
-0.05 0.22
0.36 0.10
-0.08 0.01
-0.41 0.20
0.21 0.34
0.28 0.09
0.22 0.00
-0.14 0.05
0.02 0.21
0.21 -0.23
-0.07 0.18
0.27 -0.03
0.15 -0.06
-0.31 -0.54
-0.32 -0.03
0.45 0.32
-0.45 0.26
0.04 0.33
-0.22 -0.54
-0.24 -0.44
0.43 0.25
0.19 0.28
-0.25 0.02
0.08 0.33
-0.15 0.09
-0.24 -0.01
-0.29 -0.36
-0.29 0.09
-0.35 0.17
-0.25 -0.19
0.35 -0.56
-0.43 0.33
-0.16 0.04
-0.32 -0.10
-0.22 0.08
-0.20 -0.28
-0.34 -0.58
0.02 0.18
0.08 0.25
0.35 0.27
-0.16 0.26
0.34 -0.12
0.34 0.17
-0.32 -0.56
0.18 0.21
0.30 -0.14
-0.29 0.16
-0.26 0.09
-0.16 -0.44
-0.16 -0.03
-0.28 -0.10
0.25 -0.56
0.21 0.26
0.28 0.14
0.19 -0.44
-0.19 0.17
-0.15 -0.39
0.25 0.14
-0.17 0.16
-0.43 0.22
-0.27 0.07
-0.16 -0.01
0.16 -0.60
-0.20 0.28
0.13 0.05
0.33 -0.28
-0.02 0.07
0.14 0.27
-0.25 0.15
-0.00 0.09
-0.20 -0.25
0.30 0.27
0.02 -0.57
-0.14 -0.05
0.32 0.32
-0.55 0.27
0.24 -0.44
-0.37 0.37
0.13 0.34
0.27 -0.27
-0.58 0.18
0.33 0.38
-0.02 0.03
-0.09 0.19
-0.13 0.22
0.26 0.40
0.07 0.15
0.27 -0.06
-0.17 -0.37
-0.25 -0.17
-0.09 0.33
-0.11 0.01
0.10 0.08
0.06 -0.57
-0.24 -0.24
-0.21 0.13
-0.02 0.16
0.15 0.30
-0.05 -0.59
0.17 -0.20
0.13 -0.04
-0.18 -0.44
0.29 -0.26
0.04 0.25
0.20 0.08
-0.28 0.05
-0.34 0.19
-0.08 -0.02
0.25 -0.31
0.19 -0.47
-0.33 -0.16
-0.19 -0.38
-0.20 -0.22
0.26 0.10
0.18 0.19
0.38 0.24
-0.56 0.20
-0.10 0.37
0.28 0.29
-0.25 0.28
0.35 0.32
0.16 -0.01
0.04 0.08
-0.24 0.26
-0.30 -0.09
-0.40 -0.58
0.11 0.10
-0.26 0.16
0.17 -0.23
-0.22 -0.23
0.07 0.13
0.22 0.22
0.11 0.23
0.32 0.02
0.11 0.06
-0.27 0.26
-0.25 0.05
-0.13 -0.06
0.06 0.02
0.31 -0.08
0.17 -0.47
-0.23 0.24
-0.02 0.32
-0.46 0.29
0.33 -0.22
-0.32 0.09
0.06 0.29
-0.14 -0.12
-0.07 -0.05
0.15 -0.15
0.04 -0.00
-0.02 0.26
-0.02 0.11
0.34 0.01
-0.10 0.07
0.20 0.02
-0.09 0.24
-0.26 -0.03
-0.16 0.23
-0.00 0.25
0.29 -0.40
-0.34 0.39
0.16 -0.34
-0.29 -0.31
0.35 0.36
-0.27 -0.18
0.10 0.29
-0.27 -0.45
-0.28 0.24
-0.25 -0.10
0.38 0.28
0.33 0.23
-0.32 -0.19
-0.17 0.28
-0.25 0.33
-0.46 0.33
-0.27 -0.00
-0.27 -0.27
-0.20 -0.07
0.16 -0.40
-0.27 -0.05
-0.25 -0.14
0.18 -0.06
0.17 0.14
0.02 0.09
0.27 0.31
-0.29 0.40
-0.32 -0.22
0.26 0.07
0.02 0.40
0.10 -0.56
-0.12 -0.08
0.23 -0.24
-0.31 -0.58
0.13 0.14
0.22 0.28
0.23 -0.37
0.09 0.14
-0.33 -0.29
-0.06 -0.03
-0.22 -0.18
-0.24 -0.08
0.20 0.14
-0.16 -0.17
-0.23 0.17
-0.44 -0.65
-0.27 -0.34
-0.31 -0.18
-0.12 -0.04
-0.23 0.01
-0.05 0.17
-0.13 0.19
0.19 -0.15
0.41 0.36
-0.35 -0.03
-0.20 0.09
-0.32 -0.13
0.07 -0.05
-0.09 -0.57
0.37 0.13
-0.27 -0.08
-0.09 0.30
0.17 0.36
-0.17 -0.08
-0.26 -0.32
-0.15 -0.31
0.13 0.18
0.24 -0.04
0.38 -0.60
0.41 0.32
0.26 -0.08
-0.33 0.26
-0.10 -0.06
0.17 0.08
-0.30 0.11
-0.14 0.35
-0.16 -0.10
-0.21 0.21
-0.11 0.29
-0.07 0.23
-0.28 0.34
0.31 -0.30
0.18 -0.35
0.15 0.01
-0.24 -0.22
0.24 0.34
-0.26 -0.23
-0.44 0.20
-0.15 0.11
-0.00 0.33
-0.22 -0.21
-0.27 -0.15
-0.22 -0.34
0.17 -0.26
0.19 -0.24
-0.38 -0.59
0.40 0.13
0.32 -0.18
-0.20 -0.46
0.36 0.30
0.17 0.28
-0.20 -0.01
0.13 0.20
-0.33 -0.01
0.24 0.08
0.13 0.02
